0.649975 0.028740
0.710123 0.348050
0.502825 0.528912
0.424416 0.168153
0.909466 0.507772
0.205420 0.173706
0.475171 0.264160
0.400301 0.036860
0.085077 0.574335
0.246315 0.641162
0.463065 0.712780
0.134181 0.900832
0.175203 0.813555
0.949539 0.196597
0.543584 0.992973
0.090178 0.158386
0.454365 0.434675
0.819283 0.899684
0.397265 0.014926
0.128435 0.796818
0.546970 0.481024
0.516781 0.759242
0.310010 0.857346
0.148116 0.183177
0.257770 0.802982
0.200822 0.709340
0.629204 0.966721
0.846431 0.424985
0.802576 0.554561
0.963827 0.780167
0.103941 0.167299
0.959667 0.929603
0.648332 0.509481
0.577878 0.281131
0.481324 0.961220
0.765374 0.961405
0.124908 0.443537
0.992695 0.467803
0.312394 0.282984
0.524205 0.464170
0.525206 0.051964
0.218412 0.316854
0.356471 0.847870
0.017344 0.269572
0.714819 0.326542
0.516782 0.773901
0.281287 0.889019
0.101656 0.268728
0.562034 0.161219
0.913911 0.482433
